Obstacles:
  - x: 3.5
    y: 0.5
    height: 1
    width: 0.8
    length: 0.8
    slope1: 89
    slope2: 89
    slope3: 89
    slope4: 89
    roughness: 4.665894016385881e-310
    orientation: 0
    name: Custom Obstacle 6
  - x: 1.5
    y: -0.6
    height: 1
    width: 0.8
    length: 0.8
    slope1: 89
    slope2: 89
    slope3: 89
    slope4: 89
    roughness: 4.665894016385881e-310
    orientation: 0
    name: Custom Obstacle 7